8,60.5743,-155.458
35,-85.83,-52.5213
0,-88.0112,-71.3498
88,-65.5127,-42.8669
98,63.5248,172.157
22,-85.83,-52.5213
50,-51.4728,172.639
67,-66.8665,153.959
20,65.8231,145.125
26,-101.681,-1.94881
34,-121.038,-44.6502
58,-97.76,52.7084
99,-105.65,159.263
96,58.2569,-148.18
32,-142.488,-22.1827
23,-86.9559,34.4901
59,43.2944,40.2263
4,-92.3362,126.994
85,44.1551,69.032
19,-75.992,-119.737
60,56.3585,-63.6753
36,-46.0475,127.275
52,-99.5522,113.95
3,-147.016,-160.62
68,-99.5522,113.95
66,-132.936,147.901
86,-109.04,84.8084
46,-92.3362,126.994
95,-97.76,52.7084
13,-135.71,39.3484
44,-41.7176,-37.5176
83,-88.0112,-71.3498
53,65.8231,145.125
65,-139.656,116.68
91,-64.9532,-1.75226
29,-157.803,-22.1299
84,-145.406,140.638
43,-134.148,-7.59841
25,59.5085,16.9998
93,50.6484,-107.197
14,-97.76,52.7084
37,-136.806,122.518
97,-164.633,136.348
48,46.6327,43.9656
82,60.6243,165.377
33,-116.07,122.803
76,80.8358,9.41749
31,-64.2615,89.6534
89,-67.6302,152.844
28,-157.803,-22.1299
41,-142.437,22.4222
51,43.2944,40.2263
63,-77.2237,97.8409
56,-65.5127,-42.8669
78,65.8231,145.125
30,-142.437,22.4222
57,-56.202,-12.5777
73,-143.014,-62.1929
54,-77.8571,123.051
42,-64.2615,89.6534
24,-134.148,-7.59841
81,-51.4728,172.639
11,-146.7,-27.3255
17,46.6327,43.9656
1,-146.7,-27.3255
75,50.6484,-107.197
38,-132.936,147.901
18,-93.8375,10.1908
55,56.3585,-63.6753
16,-132.936,147.901
70,-105.65,159.263
92,-101.681,-1.94881
39,-96.2408,123.38
64,-55.1854,128.547
10,44.1551,69.032
15,59.5085,16.9998
87,46.7011,-94.3859
49,-93.8375,10.1908
79,-145.171,-11.1433
69,-70.8065,23.5592
40,-74.9838,-17.8089
45,46.7011,-94.3859
80,-55.1854,128.547
2,51.3497,42.2842
94,-152.303,-33.3255
61,-141.413,159.406
71,-150.645,6.3243
62,-92.3362,126.994
47,58.5164,-12.8175
27,60.6243,165.377
9,-125.713,13.5797
12,-62.1036,142.84
7,-110.963,171.68
21,-70.8666,153.72
90,-93.8375,10.1908
72,56.3585,-63.6753
77,-64.9532,-1.75226
74,-64.9532,-1.75226
5,-109.04,84.8084
6,43.2944,40.2263
