-90.7123,153.433
-152.946,161.225
-85.0193,69.439
-88.2853,127.208
-98.9374,153.593
-116.772,15.4156
-147.042,154.365
-145.136,164.863
-45.5462,-44.0052
-145.865,20.5185
-74.1037,151.982
-81.7449,163.435
-67.1599,-24.0792
-98.5072,157.308
-132.881,-35.8333
-118.117,-26.3726
-67.9399,140.261
-145.865,20.5185
-146.945,154.617
-143.579,13.3276
-157.536,175.338
-144.418,151.221
-85.0193,69.439
-67.0502,120.045
-99.167,147.618
-52.8042,130.591
-52.619,165.356
-75.3335,178.234
70.0786,3.00187
-133.367,52.8414
-72.0573,139.724
-98.5072,157.308
43.6702,33.3343
-101.795,177.003
-112.239,-29.2603
-136.791,154.935
-88.1629,126.788
-107.358,-10.0134
-83.8993,160.191
70.0786,3.00187
-81.7278,153.096
-52.2662,165.592
-88.6565,52.1782
-70.6454,125.753
-67.9399,140.261
-143.579,13.3276
-112.239,-29.2603
-124.015,154.695
-52.8042,130.591
-101.795,177.003
-88.1531,126.788
-152.946,161.225
-132.881,-35.8333
-81.3158,-23.2946
-136.791,154.935
-124.015,154.695
-109.065,-43.1346
-90.7123,153.433
-73.8043,161.51
-118.117,-26.3726
-81.7449,163.435
-109.065,-43.1346
-67.1599,-24.0792
-81.3158,-23.2946
-75.3335,178.234
-82.795,152.821
-82.795,152.821
-98.9374,153.593
-157.536,175.338
-83.8628,160.142
-74.1037,151.982
-70.6454,125.753
43.6702,33.1235
-134.049,152.714
-99.8356,52.0144
-74.8718,155.711
-88.4335,-34.3098
-145.136,164.863
-99.8356,52.0144
-88.6565,52.1782
-77.3575,-17.713
-81.7278,153.096
-67.0502,120.045
-107.358,-9.83303
-99.167,147.618
-116.772,15.4156
-134.049,152.714
-74.535,154.762
-133.367,52.8414
-88.4335,-34.3098
-45.5462,-43.6557
-73.8043,161.51
-72.0573,139.724
-77.3575,-17.713
-144.535,151.335
-88.2853,127.208
